55

77. 3300, ΙΙ, 0, 24. 0030001110. 3033111. 1330. 0. 77. XIX, 71. 27.)
00333. 1111,7,7. 0000. 30, 88. 0103. 37, 78. 177777. 9, 22. - 7,
300. Ι, 8 10 11, 17, 52. 7777. Ι, 1, 2. 03. 57,192. 7777111, 3
14, 37' 00051, 9, 30. ’10000 7777. 33 0..3 38, 111. 33300. 0030. ’33
2,.31733 7X„49.- 3300171841 003301510111 3,
3, 8. off. 111,’ 18 74. 77777. 0, 20.- 0033. 7, 31. 07. 57, 102.
000οΗΜΨΛο000800.3
Μο00000100οΜΠο30
22, 78. 111575525. 000 330 0,,11229. 1120 51 777 0.
11, 7,15. 0033. 14, 47. 000, 9,20 (777) 000 111', 19, 42 033. 0
22, 83. 00333. 17,’.7 2 10000 0,17,52. 18, 53. 05000111, 0
55,128 00002570. 17757, 11. 07711,5,15. 800024. 0
05003313. 37, 08 8000 05, 43033303. 0000. 7, 17. 7177.7,11,17777
7555155ffl17mmmm 0
330333 0333000 30000 03030 praesent ia 00033333, 303333 ul in loeis quinque 5

Αο 0330030000 3300000330οι0 003003, 3300000030 0,0 0,000 1, ¹

725271771117177777711’„77113.777.V,2,5.0772 ’
11,’ 0, 21 (0000333. Χ, 24, 5. 033, Planci). 00030331000010
03300333 (cen um ettres 30000) sunt ii loci, in quibus par 303110
,033305 enuntiationes 0003300333 8000 033003 7'7777777 33333330000033030415 ,

00 033030ον3 0003333033 0033033003 030033 0000, 0000 0030030003. 575⁰·
03300 31 1107177711518 7.„.777171722,5129·
00, 55 11, 21, '77 17 25 55. 03. 11, 00, 00. 111, 11, 3‘9·

77’777. 173121115757771127771173115
111, 000 X,15,1 1117 7 1. 5777. 777 71, 300. 7777. ΙΓῙ
fflmewmwsswfflfflxmwsf

03αο000300, 777777. ..33330300300003300000111 2, 9. 41,*6
77 11, 11, 33. 75, 70. 7777. 7„77 55 7777. 1117' 0, 04. s

077777 '777 0033000 30300, 000 00’000333’000000 7777777’7. ’0033033οῥ5
00, 51 77 07. 1, 57, 77'7. 77 777. 7111, 5, 21 777. 11 04 300οᾸ·
11⁷1, 55, 127. 0000 17, 48. 7777. 30033. 25, ’53 077777. 10, 54. s
777'7777'777 00 77777777777’ 777777 00000000 ,033333 000300 000000 775⁴, ”
34300000 00 00 7777777777 777777? 033 1, 2, 5. 03. 10, 34. 31, 111. 797
03.11, 20, 112. 52, 209. 75, 393, ’,ΙΙΙ 73,1'59. B7777.7,24 922⁴ ,
70, 255. 33030. 03. 32, 113. 00301, 1, 3. 11,37.17,55. 1552ae
11’1, 18, 59. 20, 00. 17⁷, 28, 78.0 0000 Ι, 31, 75. 11, 13, 30.]
ΙΙΙ, 29’, 71. 000. 7571, 13, 33. 24, 5537101. 44, 122. ’,111

24, 03. 38, 00. 3030. Ι, 25, ’53 11, 10, 25. 44, 02. 7777. 21, 72.
fa7‚1127.15,7107111777'112577.111,7,15.777.
17777777'11151711151. 7111,17.1'.1111,39,7.
8000, 'A.77 10, 54. 21, 58. 49, 142. 8000, ’0003 5, 13. 10300.

11, 28 05777'7.13,72.'7777.1'1,57,175.57,155.1'11, 41, 90

74, 172. 1000.,’.018 83300. 2,4’.13’, 39. 000027, 77. 34, 99.
0777777 71,115.'7,7 132. 00001821. 10000. 17,33.1777.757.

 

